ID	GTF2F1 (19g)	MEIS2 (21g)	SNAI1 (32g)	NR1D1 (10g)	MAFG (18g)	ATF3 (11g)	CDX1 (31g)	ATF4 (34g)	CREB3L1 (142g)	IRF7 (57g)	STAT1 (78g)	ETV5 (28g)	ZNF680 (23g)	TFE3 (11g)	ETV4 (31g)	FLI1 (37g)	ARNT (50g)	EGR3 (11g)	PPARG (11g)	ELK1 (62g)	IRF2 (24g)	ZNF143 (14g)	FOXP1 (16g)	MYC (12g)	CTCF (16g)	GLIS3 (12g)	ZNF140 (19g)	KLF6 (11g)	OSR1 (20g)	ZNF771 (12g)	NR3C1 (37g)	ELF1 (46g)	IKZF1 (18g)	STAT4 (11g)	SPI1 (19g)	SPIB (31g)	RUNX3 (60g)	EZH2 (54g)	TFDP1 (83g)	MYBL2 (29g)	POLR2A (50g)	REL (29g)	THAP11 (19g)	SP1 (11g)	POLE3 (19g)
GACCTGGTCATACGGT_Ca0106-5	0.0	0.0	0.0	0.0	0.0	0.0448979591836735	0.0	0.0	0.0	0.0	0.0	0.0	0.0	0.0	0.0	0.0066402609506057	0.0	0.0	0.0	0.0	0.0193920335429769	0.0208272220592549	0.0335051546391753	0.0207907293796864	0.0	0.0	0.0	0.0	0.0	0.0	0.0	0.0	0.0	0.0675324675324675	0.0	0.0064516129032258	0.0036281179138322	0.0	0.0	0.0	0.0	0.0284921098772648	0.0425857174055471	0.0	0.0
TGGTTCCGTGTGACCC_Ca0106-5	0.0	0.0	0.0	0.0	0.0	0.0	0.0061770761839396	0.0220430784733594	0.009298128604496	0.0284495021337127	0.0319452021579681	0.0	0.0	0.0	0.0086479066575154	0.0060577819198508	0.0	0.0	0.0	0.0083033286795503	0.0	0.0	0.0378865979381443	0.0286298568507157	0.0	0.0	0.0	0.0	0.0	0.0	0.0193383038210624	0.0	0.0	0.0	0.0	0.0488675360329444	0.0064247921390778	0.0	0.0	0.0	0.0	0.0	0.0	0.0	0.0
ACTGTCCTCCTAGTGA_Ca0106-5	0.0	0.0	0.0	0.0	0.0	0.0	0.0	0.0	0.0048648436580485	0.0141457246720405	0.0108504576589683	0.0	0.0	0.0	0.0	0.0	0.0	0.0	0.0	0.0	0.0	0.0	0.0	0.0	0.0	0.0	0.0	0.0504638218923933	0.0	0.0	0.0	0.0	0.0	0.037847866419295	0.0	0.0318462594371997	0.0064247921390778	0.0	0.0077823254741453	0.0	0.0	0.0264465225014611	0.0	0.0	0.0
CAAGTTGCAGTAAGAT_Ca0106-5	0.0	0.0	0.0	0.0	0.0	0.0534322820037106	0.0	0.0	0.0006277217623288	0.0	0.0081833060556464	0.0072485653881002	0.0	0.0	0.0	0.0	0.0	0.0	0.0	0.0	0.006638714185884	0.0	0.0	0.0	0.0	0.0	0.0	0.0352504638218924	0.0	0.0	0.0101351351351351	0.0044911610129001	0.0158730158730159	0.0526901669758813	0.0	0.0	0.0	0.0	0.0	0.0	0.0	0.0	0.0	0.0	0.0032758244158113
CCGTACTGTCCCTTGT_Ca0106-5	0.0	0.0	0.0	0.0	0.0	0.0	0.0	0.0	0.0052964023696496	0.0	0.0	0.0	0.0	0.0	0.0	0.0	0.0	0.0	0.0	0.0	0.0015723270440251	0.0	0.0	0.0149965916837082	0.0085051546391752	0.0	0.0	0.0	0.0295218295218295	0.0	0.0	0.0	0.0	0.0	0.0	0.0274536719286205	0.0030234315948601	0.0	0.0041505735862108	0.0	0.0133924611973392	0.0078901227352425	0.0	0.0	0.0157239571958943
CTAAGACGTCCGTCAG_Ca0106-5	0.0	0.0	0.0091950959488272	0.0	0.0	0.0	0.0137268359643102	0.0	0.0	0.0	0.0	0.0	0.0	0.0	0.0	0.0	0.0	0.0	0.0	0.0	0.0	0.0	0.0	0.0	0.0	0.0	0.0	0.0	0.0	0.0	0.0114165890027959	0.0135690396559962	0.0225442834138486	0.0	0.0436776588774842	0.0059025394646534	0.0	0.0057999834286187	0.0	0.0	0.0021286031042128	0.0	0.0	0.0	0.0
GCATGCGCACTGAAGG_Ca0106-5	0.0	0.0	0.0121268656716418	0.0	0.0	0.0	0.0	0.0	0.0033740044725175	0.0	0.0	0.0	0.0	0.0	0.0	0.0018639328984156	0.0	0.0	0.0	0.0	0.0	0.0	0.0	0.0	0.0	0.0	0.0157239571958943	0.0170686456400742	0.0	0.0	0.0	0.0	0.0	0.0	0.0	0.0339052848318463	0.0174603174603175	0.0105228270776369	0.0	0.0	0.0	0.0	0.0	0.0	0.0
TATCAGGTCTTACCTA_Ca0106-5	0.0187813933173182	0.0081349206349206	0.0	0.0	0.0	0.0482374768089054	0.0	0.0	0.0027855153203342	0.0	0.0	0.0	0.0	0.0	0.0	0.0131640260950606	0.0	0.0	0.0	0.0	0.0	0.0	0.0	0.0	0.0	0.0	0.0	0.0	0.0	0.0	0.0253960857409133	0.0107978977544195	0.0	0.0	0.0	0.0181194234728895	0.0086167800453514	0.0098599718286519	0.0071482100651409	0.0	0.0045232815964523	0.0	0.0229307709106792	0.0	0.0
TGAGAGGCATGATCCA_Ca0106-5	0.0	0.0	0.0	0.0	0.0	0.0	0.0	0.0	0.0	0.0	0.0	0.0108728480821504	0.0	0.0	0.0	0.0	0.0	0.0	0.0	0.0	0.0	0.0	0.0	0.0252215405589639	0.0	0.0	0.0	0.0	0.0	0.0	0.0	0.0	0.0138026224982747	0.0	0.0	0.0	0.0082388510959939	0.0	0.0004035279875482	0.0	0.0	0.0093512565751022	0.0369076217514741	0.0	0.0
ATGCGATGTGTGACGA_Ca0221-5	0.0	0.0	0.0	0.0	0.0	0.0	0.0	0.0	0.0099650829769704	0.0452821242294926	0.0683760683760684	0.0009060706735125	0.0007276696379843	0.0100185528756957	0.0	0.010950605778192	0.0	0.0	0.0	0.0	0.0	0.0	0.0193298969072165	0.0	0.059020618556701	0.0	0.0	0.0	0.0	0.0	0.0201537744641193	0.008695652173913	0.101679319070623	0.0400742115027829	0.0751255732692728	0.0259437199725463	0.0351473922902494	0.0	0.0	0.0	0.0	0.0220631209818819	0.0	0.0	0.0
CCGTACTCAATGGAAT_Ca0221-5	0.0	0.0	0.0	0.0	0.0	0.0972170686456401	0.0	0.0027711298652223	0.0130644591784691	0.0	0.0	0.0	0.0	0.0	0.0	0.0	0.0078935698447893	0.0	0.0	0.0	0.0	0.0	0.0	0.0	0.0304123711340206	0.0337423312883436	0.0	0.0	0.0	0.0	0.0	0.0	0.057740970784449	0.0	0.0218388294387421	0.0096087851750171	0.0	0.0023199933714475	0.0	0.0	0.0	0.02177089421391	0.0096090849530465	0.0	0.0292640314479144
CGTGTCTTCCAATGGT_Ca0221-5	0.0	0.0	0.0	0.0	0.0	0.0	0.0	0.0	0.0	0.0	0.0	0.0	0.0	0.0215213358070501	0.0	0.0	0.0079822616407982	0.0	0.0	0.0	0.0	0.0	0.0	0.0	0.0	0.0	0.0	0.0	0.0	0.0	0.0	0.0152890587673196	0.0331262939958592	0.0	0.128849093688578	0.028140013726836	0.0	0.0	0.0	0.0	0.0	0.0	0.0	0.0	0.0
TCTATTGAGACTTGAA_Ca0221-5	0.0	0.0	0.0	0.0	0.0	0.024860853432282	0.0	0.0	0.0141237396523991	0.0	0.0043038128144511	0.0	0.0	0.0	0.0181194234728895	0.0061742777260018	0.0114412416851441	0.0	0.0	0.0	0.0651642208245982	0.0	0.006701030927835	0.0	0.0	0.0	0.0	0.0	0.0	0.0	0.0	0.0166268514094601	0.0	0.0990723562152134	0.0548154618912426	0.0575154426904598	0.0146636432350718	0.0043914160245256	0.0036893987432985	0.0	0.0007095343680709	0.0311221507890123	0.0465167067045206	0.0	0.0279537016815899
CCGTACTCACCACCAG_Ca0312	0.0	0.0	0.0	0.0	0.0	0.0	0.0	0.0	0.0	0.0	0.0	0.0	0.0	0.0	0.0	0.0	0.0	0.0063079777365491	0.0	0.0	0.0	0.0	0.0	0.0	0.0	0.0	0.0	0.0	0.0	0.0211315610088616	0.0	0.0	0.0	0.0	0.0	0.0211393273850377	0.0049886621315192	0.0	0.0	0.0	0.0	0.0	0.0	0.0	0.0
TGCGTGGGTCCCTACT_Ca0312	0.0	0.0	0.0	0.0	0.0	0.0	0.0	0.0	0.0035701675232453	0.0	0.0	0.0	0.0	0.0	0.0	0.0	0.0	0.0	0.0	0.0	0.0	0.0	0.0	0.0	0.0	0.0	0.0	0.0	0.0	0.0	0.0	0.0022933588150979	0.0377271681619508	0.119480519480519	0.0390915046953483	0.029512697323267	0.0161753590325019	0.0	0.0	0.0	0.0198669623059867	0.0176797194623027	0.0	0.0	0.0
AACTCAGGTGGCGAAT_Ca0327	0.0148504040183446	0.002579365079365	0.0	0.0	0.0	0.0	0.0185312285518188	0.0154931351555612	0.0	0.0050576892682155	0.0	0.0	0.0	0.0	0.0	0.0	0.0	0.0	0.0	0.0	0.0	0.0	0.0	0.0	0.0	0.0	0.0	0.0	0.0230769230769231	0.0	0.0340167753960857	0.0224558050645007	0.0368069933287325	0.208905380333952	0.0764359030355973	0.0370624571036376	0.0580498866213152	0.0	0.0070329163544128	0.0	0.0	0.0064289888953828	0.0	0.0	0.0
AGCGTATGTCTGCAAT_Ca0327	0.0	0.0	0.0	0.0	0.0	0.0	0.0	0.0	0.0013339087449488	0.0	0.0	0.0	0.0	0.0	0.0	0.0015144454799627	0.0	0.0	0.0	0.0	0.0	0.0	0.0	0.0	0.0	0.0	0.0	0.0	0.0	0.0	0.0158434296365331	0.0086000955566173	0.0466988727858293	0.0352504638218924	0.020746887966805	0.056417295813315	0.000453514739229	0.0095285442041594	0.0	0.0	0.0	0.0	0.0	0.0	0.0
CATTATCTCGCTAGCG_Ca0327	0.0	0.0	0.0	0.0	0.0	0.0541743970315399	0.0	0.0	0.0104751069088626	0.0	0.0177608049948475	0.0	0.0	0.0	0.0	0.0	0.0	0.0	0.0	0.0	0.0	0.0	0.004381443298969	0.0	0.004381443298969	0.0	0.0	0.0	0.0	0.0	0.0185228331780056	0.0432871476349737	0.037037037037037	0.0901669758812616	0.0	0.0	0.301058201058201	0.034385616041097	0.0102034933994351	0.0	0.0	0.0527469316189363	0.0	0.0	0.0
GTAGGCCCATACAGCT_Ca0327	0.0	0.0	0.0	0.0	0.0	0.0504638218923933	0.0	0.0	0.0036486327435364	0.0	0.0	0.0	0.0	0.0	0.0105696636925189	0.0123485554520037	0.0	0.0	0.0	0.0	0.0248078266946191	0.0	0.0	0.0	0.0	0.0	0.0	0.0	0.0	0.0	0.0	0.0057333970377448	0.0466988727858293	0.179962894248609	0.0458615418213584	0.100480439258751	0.0357520786092215	0.0190570884083188	0.0	0.0	0.0	0.0	0.0	0.0	0.0
TGTCCCAGTGAGGGAG_Ca0327	0.0	0.0	0.0	0.0	0.0	0.0077922077922077	0.0	0.0	0.0011769783043665	0.0123281175912755	0.0352185245802267	0.0	0.0	0.0	0.0	0.0	0.0	0.0	0.0	0.0	0.0	0.0	0.0615979381443299	0.0184049079754601	0.0597938144329897	0.0	0.0	0.0014842300556586	0.0	0.0	0.0061742777260018	0.0089823220258002	0.0	0.139517625231911	0.0	0.0539464653397392	0.044822373393802	0.0101085425470213	0.0	0.0	0.0	0.0119812974868498	0.0	0.0244897959183673	0.0017471063550993
AGGCCGTTCTCTAGGA_M1-0327	0.0	0.0	0.0	0.0	0.0	0.0	0.0	0.0	0.003334771862372	0.0	0.006001091107474	0.0	0.0	0.0	0.0	0.0080382106244175	0.0	0.0	0.0	0.0	0.0034940600978336	0.0	0.0	0.0	0.0	0.0	0.0	0.0	0.0	0.0	0.0022134203168685	0.0	0.0	0.0	0.0	0.0200411805078929	0.0	0.0	0.0	0.0	0.0105543237250554	0.0267387492694331	0.024896265560166	0.0207792207792208	0.0
AGTCTTTGTCCAGTGC_M1-0327	0.0	0.0	0.0	0.0	0.0	0.0382189239332097	0.0	0.0050384179367678	0.0	0.0026078710289236	0.0020003637024913	0.007399577167019	0.0	0.0	0.0	0.0610438024231128	0.0	0.0	0.0	0.0	0.0113556953179595	0.0164271047227926	0.0247422680412371	0.0	0.0	0.0	0.0	0.0	0.0	0.0	0.0	0.0	0.0	0.0	0.0	0.0326698695950583	0.0220710506424792	0.0130913911674538	0.0	0.0	0.0049667405764966	0.0280537697253068	0.0131032976632453	0.0	0.0
GCGCAACAGGCAGTCA_M1-0327	0.0	0.0	0.0	0.0	0.0	0.0	0.0	0.0	0.0	0.0045835308993203	0.0035157907498333	0.0	0.0	0.0	0.0	0.0	0.0	0.0	0.0	0.0	0.0	0.0	0.0	0.0	0.0	0.0	0.0	0.0	0.0	0.0126107702794819	0.0158434296365331	0.0	0.0087416609155739	0.0	0.0	0.0	0.0027210884353741	0.0	0.0	0.0	0.0088691796008869	0.0096434833430742	0.0	0.0	0.0032758244158113
GGCAATTCATGGTTGT_M1-0327	0.0	0.0	0.0	0.0	0.0	0.0	0.0	0.0	0.0062379850131429	0.0	0.0	0.0	0.0	0.0	0.0	0.0	0.0045232815964523	0.0	0.0	0.0	0.0	0.0	0.0327319587628866	0.0432856169052488	0.0	0.0	0.0024022712382616	0.0	0.0	0.0	0.0	0.0285714285714286	0.0	0.0827458256029685	0.0198733347892553	0.0418668496911462	0.0	0.0	0.0	0.0	0.0	0.0	0.0	0.0	0.0
TGTTCCGGTGTAATGA_M1-0327	0.0	0.0	0.0	0.0	0.0	0.0	0.0	0.005164378385187	0.0	0.0	0.0057586227798993	0.0	0.0	0.0	0.0	0.0	0.0	0.0	0.0	0.0	0.0	0.0	0.0	0.0412406271301977	0.0	0.0	0.0	0.0549165120593692	0.0	0.0	0.0	0.0	0.0	0.0530612244897959	0.0428041056999345	0.0384351407000686	0.0029478458049886	0.0	0.0	0.0	0.0	0.0119812974868498	0.0	0.0	0.0
AGACGTTTCACATAGC_Ca0106-5	0.0	0.0	0.0	0.0	0.0	0.0	0.0060398078242965	0.0	0.0074934285378006	0.0	0.0	0.0	0.0	0.0	0.0	0.0	0.0	0.0	0.0	0.0	0.0305730258560447	0.0	0.0	0.0	0.0	0.0	0.0	0.0	0.0	0.0	0.0	0.0233158146201624	0.0	0.0	0.0255514304433282	0.0417295813315031	0.0400604686318972	0.0	0.0	0.0	0.0	0.0	0.0	0.0	0.0
ATCATCTCATCGTCGG_Ca0106-5	0.0	0.0	0.0	0.0	0.0	0.0	0.0	0.0	0.0015300717956765	0.0	0.0	0.0016611295681063	0.0	0.0	0.0	0.0064072693383038	0.0	0.0	0.0	0.0	0.0	0.0	0.0	0.0	0.0	0.0	0.0	0.0	0.0031185031185031	0.0	0.0151444547996272	0.0082178690874343	0.0754543363239015	0.0304267161410019	0.0176894518453811	0.0387096774193548	0.0099773242630385	0.0149971000082857	0.0	0.0	0.0046119733924612	0.0	0.0	0.0	0.0
TAAGTGCTCATGCTCC_Ca0106-5	0.0	0.0	0.0	0.0	0.0	0.0	0.0	0.0	0.0	0.0	0.0	0.0	0.0	0.0	0.0	0.0081547064305685	0.0	0.0	0.0	0.0	0.0	0.0	0.0206185567010309	0.027266530334015	0.0213917525773196	0.0	0.0227123826162918	0.0	0.0	0.0	0.0	0.0015289058767319	0.0	0.0682745825602969	0.0	0.026904598490048	0.0051398337112622	0.0130913911674538	0.0004611748429123	0.0	0.0046119733924612	0.0	0.0	0.0	0.0
TGACAACGTGTGACCC_Ca0106-5	0.0	0.0	0.0	0.0	0.001610305958132	0.0	0.0	0.0	0.0	0.0205468626521258	0.0197611686973389	0.0	0.0	0.0	0.0	0.0	0.0	0.0	0.0	0.0163862150047763	0.0153738644304682	0.0	0.0	0.0	0.0	0.0	0.0	0.0	0.0	0.0	0.0027958993476234	0.0160535117056856	0.0043708304577869	0.0	0.0336317973356628	0.0253946465339739	0.0	0.0	0.0066293883668645	0.0	0.0109977827050998	0.0286382232612507	0.0	0.0	0.0072068137147848
TGGCTGGTCATGCATG_Ca0106-5	0.0	0.0	0.0	0.0	0.0	0.0	0.0	0.0060461015241214	0.0038447957942641	0.0	0.0	0.0	0.0	0.0	0.0	0.0	0.0	0.0	0.0	0.0	0.0	0.0	0.0	0.0	0.0	0.0167007498295842	0.0163791220790566	0.0	0.0182952182952183	0.0	0.0	0.0	0.0	0.0	0.0	0.0118050789293068	0.0	0.0	0.0	0.0	0.0071840354767184	0.005406195207481	0.0	0.0	0.0
CCCTCCTTCCATGAGT_Ca0221-5	0.0	0.0	0.0	0.0	0.0	0.0	0.0	0.0	0.0091804307740594	0.0	0.0020003637024913	0.0	0.0	0.0	0.0	0.0145619757688723	0.0	0.0	0.0	0.0	0.0	0.0	0.0	0.0	0.0	0.0	0.0	0.0	0.0	0.0	0.0	0.0	0.0	0.0953617810760668	0.0	0.0278654770075498	0.0	0.01060568398376	0.0047846889952153	0.0156341320864991	0.0	0.0284921098772648	0.0425857174055471	0.0	0.0
CGGACACAGTTAAGTG_Ca0221-5	0.0	0.0	0.0	0.0	0.0	0.0	0.0	0.0	0.0	0.0	0.0	0.0	0.0	0.0	0.0087851750171585	0.0	0.0	0.0	0.0	0.0	0.0	0.0	0.0	0.0	0.0	0.0	0.0	0.0	0.0126819126819127	0.0569188820722563	0.0020969245107176	0.0269469660774009	0.0	0.0589981447124304	0.0	0.0332189430336307	0.0	0.0	0.0	0.0	0.0093126385809312	0.0	0.0	0.0	0.0120113561913081
GAACGGACAGCTCGCA_Ca0221-5	0.0	0.0	0.0	0.0	0.0	0.0445269016697588	0.0108442004118051	0.0078095478019901	0.0029424457609164	0.010826616089774	0.0	0.0	0.0149172275786793	0.0	0.0	0.0	0.0	0.0	0.0	0.0	0.0	0.0	0.0	0.0	0.0	0.0	0.0	0.0	0.0	0.0	0.0	0.0225513616817965	0.0	0.0816326530612245	0.0589648394846036	0.0	0.0154195011337868	0.0062971248653575	0.0	0.0	0.0	0.0027761542957334	0.0	0.0	0.015068792312732
AGCCTAAGTAAGTTCC_Ca0312	0.0	0.0	0.0	0.0	0.0	0.0	0.0	0.0074316664567325	0.0007454195927655	0.0059269796111901	0.0045462811420258	0.0	0.0	0.0	0.0	0.0010484622553588	0.0	0.0	0.0	0.0	0.0	0.0982692871809915	0.0	0.0	0.0	0.0	0.0	0.0	0.0	0.0	0.0	0.0159579550883899	0.0	0.0	0.0	0.0404941660947152	0.0	0.0007457121551081	0.0	0.0090590298071303	0.0	0.0	0.0305743612142389	0.0	0.0
CGAGAAGAGGTAGCTG_Ca0312	0.0	0.0	0.0	0.0	0.0	0.0	0.0	0.0	0.0	0.0133554607238818	0.011092925986543	0.0	0.0254684373294524	0.0	0.0	0.0	0.0	0.0	0.0319109461966605	0.0085237710338746	0.0	0.0	0.0	0.0	0.0	0.0	0.0	0.0	0.0	0.0	0.0	0.0	0.0	0.063821892393321	0.0	0.0395332875772135	0.0024943310657596	0.0	0.0	0.0	0.0	0.0	0.0	0.0	0.0
GAGGTGAAGGGATACC_Ca0312	0.0	0.0	0.0	0.0	0.0	0.051948051948052	0.0	0.0	0.0016870022362587	0.0	0.0010911074740862	0.0	0.0	0.0	0.0	0.0	0.0	0.0	0.0	0.0	0.0179944095038435	0.0225872689938398	0.0	0.0	0.0	0.0	0.0	0.0	0.0	0.0	0.0114165890027959	0.0101290014333493	0.0	0.0	0.0	0.0230610844200412	0.0	0.0	0.0	0.0	0.0	0.0149035651665693	0.0	0.0	0.0
TTCGAAGTCCTAAGTG_Ca0312	0.0	0.0	0.0	0.0	0.0	0.0	0.0	0.0007557626905151	0.004825611047903	0.0	0.0	0.0	0.0089139530653083	0.0	0.0	0.0	0.0	0.0441558441558442	0.0	0.0	0.0	0.0	0.0139175257731959	0.0184049079754601	0.0	0.0	0.0	0.0	0.0	0.0	0.0133970177073625	0.0162446249402771	0.0269151138716356	0.0686456400742115	0.0	0.038984214138641	0.0141345427059713	0.0124285359184688	0.0069176226436847	0.0	0.0096674057649667	0.0170952659263589	0.0	0.0	0.0
GTTCGGGCAATAGCAA_Ca0327	0.0	0.0	0.0	0.0	0.0	0.0	0.0	0.0	0.0112989917219193	0.010826616089774	0.0083045402194338	0.0	0.0	0.0077922077922077	0.0	0.0	0.0	0.0	0.0	0.0001469615695495	0.0	0.0	0.0	0.0	0.0	0.0	0.0	0.050834879406308	0.0	0.0	0.0	0.0095556617295747	0.0	0.0675324675324675	0.037344398340249	0.0	0.0107331821617536	0.0081199768000662	0.0	0.0001461133839859	0.0	0.0	0.0	0.0	0.0
CCAGCGATCCTTTCGG_M1-0327	0.0	0.0	0.0	0.0	0.0	0.0	0.0	0.0	0.0067872415551806	0.000553184763711	0.0004243195732557	0.019178495922682	0.0	0.0	0.0	0.0	0.0	0.0	0.0	0.0079359247556763	0.0	0.0	0.0	0.0	0.0	0.0	0.0235859357938414	0.0	0.0	0.0	0.005242311276794	0.0086000955566173	0.0345065562456867	0.0	0.0	0.0200411805078929	0.0	0.0	0.0	0.0	0.0097560975609756	0.0	0.0	0.0	0.0
CTAGAGTGTAAGAGGA_M1-0327	0.0	0.0	0.0	0.0	0.0	0.038961038961039	0.0	0.0	0.0031386088116442	0.0	0.0075771352367097	0.0045303533675626	0.0	0.0	0.0	0.0	0.0	0.0	0.0	0.0	0.0	0.0	0.0	0.0323790047716428	0.0	0.0	0.0	0.0	0.0	0.0	0.005009319664492	0.0024844720496894	0.0	0.0	0.0	0.0312971859986273	0.0	0.0	0.0024211679252896	0.0	0.0	0.0141729982466394	0.039965057872898	0.0	0.0148504040183446
CTGGTCTCATCATCCC_M1-0327	0.0	0.0	0.0	0.0	0.0	0.0	0.0190803019903912	0.0	0.0005492565420377	0.0	0.0	0.0182724252491694	0.0	0.0	0.0	0.0123485554520037	0.0	0.0	0.0	0.0	0.0	0.0	0.0	0.0	0.0	0.0	0.0	0.0	0.0016632016632016	0.0	0.0	0.0065934065934065	0.0158730158730159	0.0	0.0238043240882289	0.0447494852436513	0.0	0.0128428204490844	0.0021329336484694	0.0	0.0	0.0	0.0	0.0	0.0
CTTACCGTCGAATGGG_M1-0327	0.0	0.0	0.0	0.0	0.0	0.0	0.0	0.0	0.0040017262348464	0.0	0.0	0.019782543038357	0.0	0.0	0.0	0.0	0.0	0.0	0.0	0.0	0.0	0.0	0.0064432989690721	0.0	0.0	0.0	0.0	0.0	0.0	0.0	0.005358807082945	0.0292403248924988	0.0	0.0296846011131725	0.0434592705830967	0.0458476321207962	0.0167800453514739	0.0	0.0	0.0	0.0154323725055432	0.0124196376388077	0.0	0.0018552875695732	0.0
GGCTCGATCATATCGG_M1-0327	0.0	0.0	0.0	0.0	0.0	0.0	0.0031571722717913	0.0013855649326111	0.0	0.0	0.0014548099654482	0.0116279069767442	0.0	0.0	0.0	0.0177073625349487	0.0023946784922394	0.0	0.0	0.0	0.0	0.0	0.0	0.0	0.002061855670103	0.0	0.0	0.0	0.0	0.0010224948875255	0.0	0.0	0.0	0.0	0.0589648394846036	0.0150995195607412	0.0055933484504913	0.0125942497307151	0.0092811437136104	0.0	0.0	0.0235242548217417	0.0	0.0	0.0
CGTAGGCAGGACAGAA_Ca0106-5	0.0	0.0194444444444444	0.0	0.0	0.0	0.0	0.0	0.0	0.0065518458943073	0.0	0.0	0.0	0.0	0.0	0.0	0.0	0.0	0.0	0.0	0.0	0.0	0.0	0.0	0.0	0.0	0.0	0.0	0.0226345083487941	0.0	0.0	0.0	0.0	0.0	0.0705009276437848	0.0	0.0249828414550446	0.0024943310657596	0.0	0.0065140946561365	0.0	0.0	0.0	0.0065516488316226	0.0	0.0
CAACCAACAGAGCCAA_Ca0221-5	0.0	0.0	0.0	0.0	0.0	0.062708719851577	0.0	0.0	0.0042371218957197	0.0	0.0027277686852154	0.0	0.0	0.0	0.0	0.0	0.0	0.0	0.0	0.0	0.0	0.0	0.0	0.0	0.0	0.0	0.0	0.0	0.0	0.0	0.0212022367194781	0.0407071189679885	0.0391074304117782	0.0	0.0	0.0292381606039808	0.0	0.0	0.0069752694990488	0.0	0.0221729490022173	0.0203097603740503	0.0303559729198515	0.0	0.0
TTCTACACAGGAATGC_Ca0221-5	0.0	0.0	0.0	0.0	0.0	0.0	0.0	0.0002519208968383	0.010710502569736	0.0	0.0	0.0	0.0	0.0	0.0	0.0	0.0	0.0	0.0	0.0	0.0	0.0	0.0	0.0	0.0	0.0	0.0	0.0	0.0	0.0	0.0	0.0168179646440516	0.0006901311249137	0.0723562152133581	0.0	0.0	0.0	0.0115999668572376	0.0	0.0	0.0	0.0	0.0	0.0	0.0
CTGGTCTCACGGATAG_Ca0312	0.0	0.0	0.0	0.0	0.0	0.0385899814471243	0.0	0.0197757904018138	0.0060810545725607	0.0098782993519835	0.0075771352367097	0.0	0.0	0.0	0.0087851750171585	0.0	0.0	0.0	0.0	0.0	0.0	0.0	0.0	0.0	0.0	0.0	0.0	0.0	0.0	0.0	0.0420549860205033	0.0	0.0	0.0	0.0	0.0229238160603981	0.0051398337112622	0.0160742397878863	0.0005188216982763	0.0013150204558737	0.0	0.0232320280537697	0.0347237388075999	0.0	0.0
AACACGTTCAGATAAG_Ca0327	0.0	0.0	0.009594882729211	0.0	0.0	0.0	0.0	0.0	0.0027855153203342	0.0	0.0050312177971752	0.0	0.0	0.0	0.0	0.0	0.0	0.0	0.0	0.0	0.0	0.0	0.0402061855670103	0.0531697341513292	0.0	0.0	0.0	0.0	0.0230769230769231	0.0	0.0	0.0	0.0331262939958592	0.0	0.0168158986678314	0.0306108442004118	0.0170068027210884	0.0	0.0	0.0	0.0	0.0	0.0	0.0	0.0089539200698842
AGATCTGTCCCATTTA_Ca0327	0.0	0.0019841269841269	0.0	0.0	0.0	0.0	0.0	0.0	0.0	0.0	0.0	0.0	0.0	0.0	0.013452299245024	0.0222506989748369	0.0	0.0	0.0	0.0	0.0	0.0	0.0	0.0	0.0	0.0	0.0	0.0	0.0	0.0	0.0	0.0	0.0	0.164007421150278	0.0395282812841232	0.0248455730954015	0.0289493575207861	0.0	0.0075517380526892	0.0	0.0	0.0	0.0	0.0	0.0
GACTGCGTCGAACTGT_M1-0327	0.0	0.0	0.0	0.0	0.0	0.0	0.0	0.0	0.0028247479304798	0.0030820293978188	0.0023640661938534	0.0	0.0	0.0	0.0	0.0	0.0	0.0	0.0	0.0	0.0	0.0	0.0	0.0	0.0	0.0	0.0	0.0	0.0	0.0	0.0168918918918919	0.0199713330148113	0.0	0.0	0.0	0.0252573781743308	0.0146636432350718	0.0	0.0	0.0	0.009490022172949	0.0347749853886616	0.0519764140642062	0.0	0.0
GGCAATTTCTGCCCTA_Ca0221-5	0.0	0.0	0.0	0.0	0.0	0.0	0.0	0.0	0.0	0.0054528212422949	0.0056980056980057	0.0070975536091815	0.0050936874658904	0.0	0.0	0.0	0.0	0.0	0.0	0.0	0.0022711390635918	0.0	0.0	0.0	0.0	0.0	0.0	0.0	0.0	0.0	0.0026794035414725	0.0150023889154324	0.0052910052910052	0.0560296846011132	0.150469534832933	0.0605353466026081	0.0002267573696145	0.0	0.0	0.0	0.0	0.0	0.0	0.0	0.0
GGCAATTTCATGGTCA_Ca-QJJ-5	0.0	0.0	0.0	0.0	0.0	0.100556586270872	0.0	0.0066759037662174	0.0176939071756444	0.0	0.0	0.0	0.0	0.0	0.0142759094028826	0.0	0.0	0.0	0.0	0.0	0.0228860936408106	0.0	0.0	0.0	0.0	0.0214723926380368	0.0	0.0	0.0	0.0	0.0	0.0	0.0	0.0	0.0	0.0	0.0	0.0	0.0	0.0	0.0	0.0	0.0	0.0	0.0
TAGGCATAGATGTCGG_Ca-QJJ-5	0.0	0.0	0.0	0.0	0.0	0.0	0.0	0.0	0.0120051787045392	0.0	0.0018185124568103	0.0	0.0	0.0	0.0	0.0	0.0	0.0	0.0	0.0	0.0255066387141859	0.0	0.0	0.0	0.0	0.0255623721881391	0.0	0.0	0.0	0.0	0.0	0.0	0.0	0.0	0.0	0.0	0.0	0.0	0.0	0.0	0.0	0.0	0.0	0.0	0.0
GTCACAATCCGCATAA_Ca0302-5	0.0	0.0	0.0	0.0	0.0	0.0790352504638219	0.0039807824296499	0.0078095478019901	0.020361724665542	0.0	0.0	0.0	0.0	0.0	0.0	0.0	0.0	0.0	0.0	0.0	0.0	0.0	0.0	0.0	0.0	0.0	0.0	0.0452690166975881	0.0	0.0	0.0081547064305685	0.0	0.0	0.0	0.0	0.0	0.0	0.0	0.0	0.0	0.0	0.0	0.0	0.0	0.0
TGAGGGAAGAATTGTG_LCZY0313	0.0	0.0	0.0	0.0	0.0	0.0	0.0	0.0	0.012985993958178	0.0	0.0060617081893677	0.0	0.0	0.0	0.0	0.0157269338303821	0.0068292682926829	0.0	0.0	0.0	0.0	0.0	0.0	0.0	0.0	0.0	0.0	0.0	0.0031185031185031	0.0	0.0	0.0	0.0	0.0	0.0	0.0	0.0	0.0	0.0	0.0	0.0	0.0	0.0	0.0	0.0
AGGGATGAGCCCAATT_Ca0106-5	0.0080803668923345	0.0	0.0	0.0	0.0	0.0	0.0138641043239533	0.0	0.0187139550394288	0.0	0.0	0.0	0.0	0.0	0.0063143445435827	0.0	0.0030155210643015	0.0	0.0174397031539889	0.0058049819972077	0.026554856743536	0.0	0.0	0.0	0.0	0.0	0.0	0.0	0.0	0.0	0.0123485554520037	0.0	0.0	0.0630797773654917	0.146538545533959	0.049691146190803	0.0	0.0	0.0	0.0	0.0	0.0	0.0	0.0100185528756957	0.0
GCGCCAAAGACCTAGG_Ca0106-5	0.0093906966586591	0.0	0.0055970149253731	0.0167006109979633	0.0131124913733609	0.0222634508348794	0.0	0.0	0.0	0.0054528212422949	0.0041825786506637	0.0	0.0	0.0	0.0	0.0	0.0	0.0	0.0	0.0	0.0	0.0	0.0	0.0	0.0	0.0	0.0	0.0	0.0	0.0	0.0015144454799627	0.0082178690874343	0.0	0.0727272727272727	0.286088665647521	0.126698695950583	0.0	0.0	0.0013258776733729	0.0	0.0	0.0	0.0	0.0	0.0
CGCCAAGTCAATACCG_Ca0221-5	0.0	0.0	0.0	0.0	0.0	0.0	0.0157858613589568	0.0	0.0027855153203342	0.0	0.0	0.0	0.0	0.0	0.0	0.0	0.0	0.0	0.0	0.0	0.056953179594689	0.0	0.0	0.0	0.0	0.0	0.0	0.0	0.0	0.0	0.0	0.0064978499761108	0.0	0.0408163265306122	0.0969644027080148	0.0355525051475635	0.0	0.0	0.0	0.0	0.0	0.0	0.0	0.023747680890538	0.0
ATTGGACTCTGCGGCA_Ca0312	0.0	0.0	0.0	0.0	0.0	0.0	0.0	0.0	0.0	0.0	0.0	0.0	0.0	0.0	0.0	0.0	0.0	0.0	0.0	0.0	0.0	0.0	0.0	0.0	0.0	0.0	0.0	0.0	0.0	0.0	0.0100186393289842	0.0	0.0	0.0816326530612245	0.126446822450317	0.29334248455731	0.0058201058201058	0.0219570801226282	0.0132587767337292	0.0	0.0	0.0	0.0	0.0	0.0111378030137585
CAGATCATCAACACGT_Ca0312	0.0	0.0	0.0	0.0057026476578411	0.0	0.0	0.0	0.0187681068144603	0.0055710306406685	0.0	0.0	0.0	0.0156448972166636	0.0	0.0	0.0	0.0	0.0	0.0	0.0	0.010482180293501	0.003813435024934	0.0	0.0	0.0	0.0	0.0	0.0	0.0	0.0	0.0	0.0184424271380793	0.0506096158270071	0.0890538033395176	0.230399650578729	0.0900480439258751	0.0085411942554799	0.0	0.0	0.0	0.0148115299334812	0.005406195207481	0.0	0.0	0.0
GACGGCTTCACTTATC_Ca0312	0.0	0.0	0.0	0.0	0.0	0.0	0.0	0.0	0.0	0.0	0.0	0.0	0.0	0.0	0.0	0.0	0.0	0.0	0.0	0.0	0.0	0.0	0.0	0.0	0.0	0.0	0.0	0.0	0.0	0.0	0.0	0.0	0.0	0.0779220779220779	0.0458615418213584	0.084557309540151	0.0	0.0179799486287182	0.007263503775869	0.0	0.0	0.0	0.0	0.0	0.0194365582004805
GTCTCGTTCATACGGT_Ca0312	0.0	0.0	0.0	0.0	0.0	0.0111317254174397	0.0	0.0	0.0	0.0	0.0	0.0	0.0	0.0	0.0	0.0	0.0	0.0	0.0	0.0	0.0	0.0	0.0	0.0	0.0	0.0	0.0	0.0	0.0	0.0	0.0019804287045666	0.0049689440993788	0.0	0.0667903525046382	0.0912863070539419	0.154289636238847	0.0	0.0057171265224956	0.0038046924540266	0.0	0.0042572062084257	0.0	0.0	0.0	0.0
TCGTACCTCTGAGGGA_Ca0312	0.0	0.0	0.0	0.0	0.0	0.0	0.0	0.0	0.0	0.0	0.0	0.0	0.0	0.0	0.0	0.0	0.0	0.0	0.0	0.0	0.0	0.0	0.0	0.0	0.0	0.0	0.0	0.0	0.0	0.0	0.0	0.0086000955566173	0.0	0.0456400742115028	0.0794933391570212	0.0168840082361016	0.0	0.0057999834286187	0.0091082031475183	0.0	0.0	0.0	0.0	0.0	0.0
GCGCGATAGCAGGTCA_Ca0327	0.0	0.0	0.0	0.0	0.0	0.0	0.0	0.0	0.0	0.0	0.0	0.0	0.0	0.0	0.0	0.0	0.0	0.0	0.0	0.0	0.0	0.0	0.0	0.0	0.0	0.0	0.0	0.0	0.0	0.0	0.0146784715750233	0.0	0.0280653324131585	0.0894248608534323	0.0462983184101332	0.0763212079615649	0.0049886621315192	0.0173999502858563	0.0078399723295094	0.0121274108708358	0.0	0.010666277030976	0.0159423454902817	0.0	0.0
TTTGTCATCACTCCTG_Ca0221-5	0.0	0.0244047619047619	0.0	0.0	0.0	0.0	0.0	0.0668849981105933	0.012201341755267	0.0	0.0	0.0	0.0	0.0	0.0	0.0	0.0	0.0	0.0	0.0	0.0	0.0	0.0	0.0255623721881391	0.0	0.0	0.0	0.0	0.0	0.0	0.0	0.0	0.0	0.0	0.0	0.0	0.0	0.0	0.0050729232720355	0.0093512565751022	0.0	0.0	0.0	0.0	0.0187813933173182
AACTCCCGTCGATTGT_Ca0302-5	0.0	0.010515873015873	0.0	0.0	0.0	0.0	0.0	0.0	0.0086311742320216	0.0	0.0	0.0	0.0096416227032927	0.0307977736549165	0.0	0.0	0.0	0.0	0.0	0.0	0.0	0.0	0.0	0.0	0.0	0.0	0.0	0.0	0.0	0.0	0.0	0.0	0.0	0.0	0.0	0.0212765957446809	0.0	0.0	0.0	0.0	0.0	0.0	0.0	0.0	0.0
TTAACTCCAAGTTCTG_Ca0302-5	0.0	0.0	0.0	0.0	0.0	0.0	0.0	0.0258218919259353	0.0153007179567657	0.0135135135135135	0.0103655210038189	0.0	0.0	0.0	0.0	0.0	0.0	0.0	0.0	0.0	0.0050663871418588	0.0	0.0	0.0	0.0	0.0	0.0	0.0	0.0	0.0	0.0	0.0	0.0	0.0	0.0	0.0	0.0	0.0104399701715138	0.0	0.0	0.0	0.0	0.0	0.0	0.0
AACCGCGTCGGTTAAC_LCZY0313	0.0	0.0	0.0	0.0	0.0	0.0	0.0	0.0	0.0174192789046255	0.0	0.0	0.0	0.0	0.0	0.0	0.0	0.0	0.0	0.0	0.0	0.0	0.0	0.0	0.0	0.0	0.0	0.0	0.0	0.0	0.0	0.0	0.0036311514572384	0.0	0.0	0.0	0.0	0.0	0.0	0.0008070559750965	0.0	0.0	0.0	0.0	0.0	0.0
AACTTTCAGACCTAGG_LCZY0313	0.0	0.0	0.0	0.0	0.0	0.0	0.0	0.0	0.0037270979638275	0.0	0.0	0.0	0.0	0.0	0.0	0.0	0.0	0.0	0.0	0.0	0.0	0.0	0.0	0.0	0.0	0.0	0.0	0.0	0.0	0.0	0.0	0.0	0.0	0.0	0.0	0.0	0.0	0.0	0.0	0.0	0.0	0.0	0.0	0.0	0.0
ACATGGTGTATAGTAG_LCZY0313	0.0	0.0	0.0050639658848614	0.0	0.0	0.0679035250463822	0.0	0.0	0.0083957785711483	0.0	0.0	0.0	0.0	0.0	0.0	0.0	0.0	0.0	0.0	0.0	0.0	0.0	0.0	0.0	0.0	0.0	0.0037126010045861	0.0	0.0	0.0	0.0	0.0	0.0	0.0	0.0	0.0	0.0	0.0	0.0	0.0	0.0	0.0	0.0	0.0	0.0
ACGGCCACACGACTCG_LCZY0313	0.0	0.0	0.0	0.0	0.0	0.0549165120593692	0.0	0.0	0.0051787045392129	0.0	0.0	0.0	0.0	0.0	0.0	0.0	0.0	0.0	0.0	0.0	0.0	0.0	0.0	0.0	0.0	0.0	0.0	0.0	0.0	0.0	0.0	0.0	0.0	0.0	0.0	0.0	0.0	0.0	0.0	0.0	0.0	0.0	0.0	0.0	0.0
ACTGAACCATATACGC_LCZY0313	0.0	0.0	0.0	0.0	0.0	0.0363636363636364	0.0247083047357584	0.0226728807154553	3.9232610145553e-05	0.0	0.0	0.0	0.0	0.0	0.0	0.0	0.0	0.0	0.0	0.0	0.0	0.0	0.0	0.0	0.0	0.0	0.0	0.0	0.0	0.0	0.0	0.0	0.0	0.0	0.0	0.0	0.0	0.0	0.0	0.0	0.0	0.0	0.0	0.0	0.0
AGAGTGGAGATTACCC_LCZY0313	0.0	0.0	0.0	0.0	0.0	0.0215213358070501	0.0	0.0	0.0016085370159676	0.0	0.0	0.0	0.0	0.0	0.0	0.0	0.0	0.0	0.0	0.0	0.0	0.0	0.0	0.0	0.0	0.0	0.0	0.0	0.0	0.0	0.0	0.0	0.0	0.0	0.0	0.0	0.0	0.0	0.0	0.0	0.0	0.0	0.0	0.0	0.0
AGCATACGTCATTAGC_LCZY0313	0.0	0.0	0.0	0.0207739307535642	0.0	0.0	0.0	0.0	0.0179685354466633	0.0	0.0	0.0	0.0	0.0	0.0	0.0	0.0	0.0	0.0	0.0	0.0	0.0	0.0005154639175257	0.0	0.0	0.0	0.0	0.0	0.0	0.0	0.0	0.0	0.0	0.0	0.0	0.0	0.0	0.0	0.0	0.0	0.0066518847006651	0.0	0.0	0.0	0.0
AGCGGTCAGCCGATTT_LCZY0313	0.0	0.0	0.0	0.0	0.0	0.0742115027829314	0.0	0.0	0.0143591353132724	0.0	0.0	0.0	0.0	0.0	0.0	0.0	0.0	0.0	0.0	0.0	0.0	0.0	0.0	0.0	0.0	0.0	0.0	0.0	0.0	0.0027266530334015	0.0	0.0	0.0	0.0	0.0	0.0	0.0	0.0	0.0	0.0	0.0	0.0	0.0	0.0	0.0
AGGCCACAGGAGTTTA_LCZY0313	0.0	0.0	0.0	0.0	0.0	0.0	0.0	0.0	0.0042371218957197	0.0	0.0	0.0	0.0	0.0	0.0	0.0	0.0	0.0	0.0	0.0	0.0	0.0	0.0	0.0	0.0	0.0	0.0	0.0	0.0	0.0	0.0	0.0	0.0	0.0	0.0	0.0	0.0	0.0	0.0	0.0	0.0	0.0	0.0	0.0	0.0
AGTCTTTTCTGCGACG_LCZY0313	0.0	0.0	0.0	0.0	0.0	0.0	0.0	0.0	0.0127898309074503	0.0016595542911332	0.0	0.0	0.0	0.0	0.0	0.0	0.0	0.0	0.0	0.0	0.0	0.0	0.0	0.0	0.0	0.0	0.0	0.0	0.0	0.0	0.0	0.0	0.0	0.0	0.0	0.0	0.0	0.0	0.0	0.0	0.0	0.0	0.0	0.0	0.0
ATCGAGTGTATTCGTG_LCZY0313	0.0	0.0	0.0	0.0077393075356415	0.0	0.0	0.0	0.0	0.0152222527364746	0.0	0.0	0.0	0.0	0.0	0.0	0.0	0.0	0.0	0.0	0.0	0.0	0.0	0.0	0.0	0.0	0.0	0.0	0.0	0.0	0.0	0.0	0.0	0.0	0.0	0.0	0.0	0.0	0.0	0.0	0.0	0.0	0.0	0.0	0.0	0.0
ATTCTACAGTGGACGT_LCZY0313	0.0	0.0	0.0	0.0	0.0	0.0	0.0	0.0	0.0058064263015418	0.0	0.0	0.0	0.0	0.0	0.0	0.0	0.0	0.0	0.0	0.0	0.0	0.0	0.0	0.0	0.0	0.0	0.0	0.0	0.0	0.0	0.0	0.0	0.0	0.0	0.0	0.0	0.0	0.0	0.0	0.0	0.0	0.0	0.0	0.0	0.0
CAACCAAAGTCATCCA_LCZY0313	0.0	0.0	0.0	0.0	0.0	0.0	0.0	0.0	0.0017262348464043	0.0043464517148727	0.0033339395041522	0.0	0.0	0.0	0.0	0.0	0.0	0.0	0.0	0.0	0.0	0.0	0.0	0.0	0.0	0.0	0.0	0.0	0.0	0.0	0.0	0.0	0.0	0.0	0.0	0.0	0.0	0.0	0.0	0.0	0.0070066518847006	0.0	0.0078619785979471	0.0	0.0
CAAGAAAGTAACGACG_LCZY0313	0.0	0.0	0.0	0.0	0.0	0.0	0.0	0.0	0.0090235003334771	0.0	0.0	0.0	0.0	0.0	0.0	0.0	0.0	0.0	0.0	0.0	0.0	0.0	0.0	0.0	0.0	0.0	0.0	0.0	0.0	0.0	0.0	0.0	0.0	0.0	0.0	0.0	0.0	0.0	0.0	0.0	0.0	0.0	0.0	0.0	0.0
CACAAACAGGCATGTG_LCZY0313	0.0	0.0	0.0	0.0	0.0	0.0126159554730983	0.0	0.0	0.0029424457609164	0.0229966808914177	0.0176395708310602	0.0	0.0	0.0	0.0	0.0	0.0	0.0	0.0	0.0	0.0	0.0	0.0	0.0	0.0	0.0	0.0	0.0	0.0	0.0	0.0	0.0	0.0	0.0	0.0	0.0	0.0	0.0	0.0	0.0	0.0	0.0	0.0	0.0	0.0
CACACCTTCATGTCTT_LCZY0313	0.0	0.0	0.0	0.0	0.0	0.0	0.0	0.0	0.0117697830436659	0.0	0.0	0.0	0.0	0.0	0.0	0.0	0.0	0.0	0.0	0.0	0.0	0.0	0.0	0.0	0.0	0.0	0.0	0.0	0.0	0.0	0.0	0.0	0.0	0.0	0.0	0.0	0.0	0.0	0.0	0.0	0.0	0.0	0.0	0.0	0.0
CACACTCCAAGAAGAG_LCZY0313	0.0	0.0	0.0055970149253731	0.0	0.0	0.0	0.0	0.0	0.0055710306406685	0.0	0.0	0.0	0.0	0.0	0.0	0.0	0.0	0.0	0.0	0.0	0.0	0.0	0.0	0.0	0.0	0.0	0.0	0.0	0.0	0.0	0.0	0.0	0.0	0.0	0.0	0.0	0.0	0.0	0.0	0.0	0.0	0.0	0.0	0.0	0.0
CACAGGCAGTGAAGTT_LCZY0313	0.0	0.0	0.0	0.0	0.0	0.0523191094619666	0.0	0.0	0.0055317980305229	0.0	0.0	0.0	0.0	0.0	0.0010981468771448	0.0	0.0	0.0	0.0	0.0	0.0	0.0	0.002061855670103	0.0	0.0	0.0	0.0	0.0	0.0	0.0	0.0	0.0	0.0	0.0	0.0	0.0	0.0	0.0	0.0	0.0	0.0	0.0	0.0	0.0	0.0
CAGCTAAAGCGGCTTC_LCZY0313	0.0	0.0	0.0	0.0	0.0	0.0	0.0	0.0093210731830205	0.0032170740319353	0.0038722933459775	0.0029702370127902	0.0	0.0	0.0	0.0	0.0	0.0	0.0	0.0	0.0	0.0	0.0	0.0	0.0	0.0	0.0	0.0	0.0	0.0	0.0	0.0	0.0	0.0	0.0	0.0	0.0	0.0	0.0	0.0	0.0	0.0	0.0	0.0	0.0	0.0
CATGACACATCACCCT_LCZY0313	0.0	0.0	0.0	0.0	0.0	0.0	0.0	0.0	0.0092196633842049	0.0	0.0	0.0	0.0	0.0	0.0	0.0	0.0	0.0	0.0	0.0	0.0	0.0	0.0	0.0	0.0	0.0	0.0	0.0	0.0	0.0	0.0	0.0	0.0	0.0	0.0	0.0	0.0	0.0	0.0	0.0	0.0	0.0	0.0	0.0	0.0
CCAATCCAGATGCGAC_LCZY0313	0.0	0.0	0.0	0.0	0.0	0.0	0.0091969800960878	0.0084393500440861	0.0064733806740162	0.0	0.0	0.0	0.0	0.0	0.0	0.0	0.0	0.0	0.0	0.0	0.0	0.0	0.0	0.0	0.0	0.0	0.0	0.0	0.0	0.0	0.0	0.0	0.0	0.0	0.0	0.0	0.0	0.0	0.0	0.0	0.0	0.0	0.0	0.0	0.0
CCTCTGAAGAGCTATA_LCZY0313	0.0	0.0	0.0	0.0	0.0	0.0	0.0059025394646534	0.0015115253810303	0.0193416768017576	0.0	0.0	0.0	0.0	0.0	0.0	0.0	0.0	0.0	0.0	0.0	0.0	0.0	0.0	0.0	0.0	0.0	0.0	0.0	0.0	0.0	0.0	0.0	0.0	0.0	0.0	0.0	0.0	0.0	0.0	0.0	0.00470066518847	0.0	0.0	0.0	0.0
CCTCTGACAAACCTAC_LCZY0313	0.0	0.0	0.0	0.0	0.0	0.0133580705009276	0.0	0.0	0.0118090156538114	0.0	0.0	0.0	0.0	0.0	0.0	0.0	0.0	0.0	0.0	0.0	0.0	0.0	0.0	0.0	0.0	0.0	0.0	0.0	0.0	0.0	0.0	0.0	0.0	0.0	0.0	0.0	0.0	0.0	0.0	0.0	0.0024833702882483	0.0	0.0	0.0	0.0
CGAATGTTCCAAACTG_LCZY0313	0.0	0.0	0.0	0.0	0.0	0.0	0.0	0.0	0.0047471458276119	0.0	0.0	0.0	0.0	0.0	0.0	0.0	0.0	0.0	0.0	0.0042618855169373	0.0	0.0	0.0	0.0	0.0	0.0	0.0231491592050666	0.0	0.0	0.0	0.0	0.0	0.0	0.0	0.0	0.0	0.0	0.0	0.0	0.0	0.0	0.0	0.0	0.0	0.0
CGTCTACTCATGCTCC_LCZY0313	0.0	0.0	0.0	0.0	0.0	0.0987012987012987	0.0	0.0	0.0087881046726038	0.0	0.0	0.0	0.0	0.0	0.0	0.0	0.0	0.0	0.0	0.0	0.0	0.0	0.0	0.0	0.0	0.0	0.0	0.0092764378478664	0.0	0.0	0.0	0.0	0.0	0.0	0.0	0.0	0.0	0.0	0.0	0.0	0.0	0.0	0.0	0.0	0.0
CTAGTGAAGGATTCGG_LCZY0313	0.0	0.0	0.0	0.0	0.0	0.0	0.0	0.0	0.0086311742320216	0.0	0.0	0.0	0.0	0.0	0.0	0.0	0.0	0.0	0.0	0.0	0.0	0.0	0.0	0.0	0.0	0.0	0.0	0.0	0.0	0.0	0.0	0.0	0.0	0.0	0.0	0.0	0.0	0.0	0.0045541015737591	0.0	0.0120620842572062	0.0	0.0	0.0	0.0
CTCGAGGAGAACAACT_LCZY0313	0.0	0.0	0.0	0.0	0.0	0.0	0.0053534660260809	0.0	0.0059241241319785	0.0	0.0	0.0	0.0	0.0	0.0	0.0	0.0	0.0	0.0	0.0	0.0	0.0	0.0	0.0	0.0	0.0	0.0	0.0	0.0	0.0	0.0	0.0	0.0	0.0	0.0	0.0	0.0	0.0	0.0	0.0	0.0	0.0	0.0	0.0	0.0
CTCTACGAGATATACG_LCZY0313	0.0	0.0	0.0	0.0	0.0	0.0174397031539889	0.0	0.0	0.0067087763348895	0.0	0.0	0.0	0.0	0.0	0.0	0.0	0.0	0.0	0.0	0.0	0.0	0.0	0.0	0.0	0.0	0.0	0.0	0.0222634508348794	0.0	0.0	0.0	0.0	0.0	0.0	0.0	0.0	0.0	0.0	0.0	0.0	0.0	0.0	0.0	0.0	0.0
CTGCTGTAGGGTCTCC_LCZY0313	0.0	0.0	0.0	0.0	0.0	0.0	0.0	0.0	0.0071795676566362	0.0	0.0	0.0	0.0	0.0	0.0	0.0	0.0	0.0	0.0	0.0	0.0	0.0	0.0	0.0	0.0	0.0	0.0	0.0	0.0	0.0	0.0	0.0	0.0	0.0	0.0	0.0	0.0	0.0	0.0	0.0	0.0	0.0	0.0	0.0	0.0
CTTCTCTAGATCTGCT_LCZY0313	0.0	0.0	0.0	0.0912423625254583	0.0	0.0	0.0	0.0011336440357727	0.0265212444583938	0.0	0.0	0.0	0.0	0.0	0.0	0.0	0.0	0.0	0.0	0.0	0.0	0.0	0.0	0.0	0.0	0.0	0.0	0.0	0.0	0.0	0.0	0.0	0.0	0.0	0.0	0.0	0.0	0.0	0.0	0.0	0.0	0.0	0.0	0.0	0.0
CTTTGCGCAACTGCTA_LCZY0313	0.0	0.0	0.0	0.0	0.0	0.0	0.0	0.0	0.0027462827101887	0.0	0.0	0.0	0.0	0.0	0.0	0.0	0.0	0.0	0.0	0.0	0.0	0.0	0.0	0.0	0.0	0.0	0.0	0.0	0.0	0.0	0.0	0.0	0.0	0.0	0.0	0.0	0.0	0.0	0.0	0.0	0.0029268292682926	0.0	0.0	0.0	0.0
GACTAACAGAGCTTCT_LCZY0313	0.0	0.0	0.0	0.0	0.0	0.0	0.0112560054907344	0.0103287567703741	0.0013731413550943	0.0	0.0	0.0	0.0	0.0	0.0	0.0	0.0	0.0	0.0	0.0	0.0	0.0	0.0	0.0	0.0	0.0	0.0004367765887748	0.0	0.0	0.0	0.0	0.0	0.0	0.0	0.0	0.0	0.0	0.0	0.0	0.0	0.0	0.0	0.0	0.0	0.0
GATGAAATCTCGTATT_LCZY0313	0.0	0.0	0.0	0.0	0.0	0.0	0.0	0.0	0.0025893522696065	0.0	0.0	0.0	0.0	0.0	0.0	0.0	0.0	0.0	0.0	0.0	0.0	0.0	0.0	0.0	0.0	0.0	0.0	0.0	0.0	0.0	0.0	0.0	0.0	0.0	0.0	0.0	0.0	0.0	0.0	0.0	0.0	0.0	0.0	0.0	0.0
GCGCGATTCAGTTTGG_LCZY0313	0.0	0.0	0.0082622601279317	0.0	0.0	0.0	0.0	0.0	0.0090627329436227	0.0	0.0	0.0	0.0	0.0	0.0	0.0	0.0	0.0	0.0	0.0	0.0	0.0	0.0	0.0	0.0	0.0	0.0	0.0	0.0	0.0	0.0	0.0	0.0	0.0	0.0	0.0	0.0	0.0	0.0	0.0	0.0	0.0	0.0	0.0	0.0
GCTGCAGCAAGTCTAC_LCZY0313	0.0	0.0	0.0	0.0	0.0	0.0	0.0	0.0	0.0131821570089058	0.0	0.0	0.0	0.0	0.0	0.0	0.0	0.0	0.0	0.0	0.0	0.0	0.0	0.0	0.0	0.0	0.0	0.0	0.0	0.0	0.0	0.0	0.0	0.0	0.0	0.0	0.0	0.0	0.0	0.0	0.0	0.0	0.0	0.0	0.0	0.0
GGAACTTGTGCACCAC_LCZY0313	0.0	0.0	0.0	0.0	0.0	0.0	0.0	0.0083133895956669	0.0151437875161835	0.0	0.0	0.0	0.0	0.0	0.0	0.0	0.0	0.0	0.0	0.0	0.0	0.0	0.0	0.0	0.0	0.0	0.0	0.0	0.0	0.0	0.0	0.0	0.0	0.0	0.0	0.0	0.0	0.0	0.0	0.0	0.0015077605321507	0.0	0.0	0.0	0.0
GGATGTTTCAACGGCC_LCZY0313	0.0	0.0	0.0	0.0	0.0	0.0	0.0	0.0	0.0040801914551375	0.0	0.0	0.0	0.0	0.0	0.0	0.0	0.0	0.0	0.0	0.0	0.0	0.0	0.0	0.0	0.0	0.0	0.0	0.0	0.0	0.0	0.0	0.0	0.0	0.0	0.0	0.0	0.0	0.0067114093959731	0.0098576122672508	0.0242548217416715	0.0	0.0	0.0	0.0	0.0216204411443547
GGATGTTTCCGTTGCT_LCZY0313	0.0	0.0	0.0	0.0	0.0	0.152875695732839	0.0	0.0	0.0007061869826199	0.0	0.0	0.0	0.0	0.0	0.0	0.0	0.0	0.0	0.0	0.0	0.0	0.0	0.0	0.0	0.0	0.0	0.0	0.0	0.0	0.0	0.0	0.0	0.0	0.0	0.0	0.0	0.0	0.0	0.0	0.0	0.0124168514412417	0.0	0.0	0.0	0.0
GGCGACTAGCTGAACG_LCZY0313	0.0	0.0	0.0	0.0	0.0	0.0	0.0	0.0	0.0065126132841618	0.0	0.0	0.0	0.0	0.0	0.0	0.0	0.0	0.0	0.0	0.0	0.0	0.0	0.0	0.0	0.0	0.0	0.0	0.0	0.0	0.0	0.0	0.0	0.0	0.0	0.0	0.0	0.0	0.0	0.0	0.0	0.0	0.0	0.0	0.0	0.0
GGGAATGCACAGGCCT_LCZY0313	0.0	0.0015873015873015	0.0	0.0	0.0	0.0	0.0	0.0	0.0178508376162266	0.0009483167377904	0.0007274049827241	0.0107218363032317	0.0	0.0	0.0	0.0	0.0	0.0	0.0	0.000661327062973	0.0	0.0	0.0	0.0	0.0	0.0	0.0	0.0	0.0	0.0	0.0	0.0	0.0	0.0	0.0	0.0	0.0	0.0	0.0	0.0	0.0	0.0	0.0	0.0	0.0
GGGATGAGTGCACGAA_LCZY0313	0.0	0.0	0.0066631130063965	0.0	0.0	0.0	0.0	0.0	0.015183020126329	0.0	0.0	0.0	0.0	0.0	0.0	0.0	0.0	0.0	0.0	0.0	0.0	0.0	0.0	0.0	0.0	0.0	0.0	0.0	0.0	0.0	0.0	0.0	0.0	0.0	0.0	0.0	0.0	0.0	0.0	0.0	0.0	0.0	0.0	0.0	0.0
GGGCATCGTTTGACTG_LCZY0313	0.0	0.0	0.0	0.0	0.0	0.0619666048237477	0.0270418668496911	0.0181383045723643	0.0018831652869865	0.0	0.0	0.0	0.0	0.0	0.0	0.0	0.0	0.0	0.0	0.0	0.0	0.0	0.0	0.0	0.0	0.0	0.019218169906093	0.0	0.0	0.0	0.0	0.0	0.0	0.0	0.0	0.0	0.0	0.0	0.0	0.0	0.0	0.0	0.0	0.0	0.0
GGTATTGGTGTGCGTC_LCZY0313	0.0	0.0	0.0	0.0	0.0	0.0003710575139146	0.0	0.0	0.0052179371493585	0.0	0.0	0.0	0.0	0.0	0.0	0.0	0.0	0.0	0.0	0.0	0.0	0.0	0.0	0.0	0.0	0.0	0.0	0.0	0.0	0.0	0.0	0.0	0.0	0.0	0.0	0.0	0.0	0.0	0.0	0.0	0.0007982261640798	0.0	0.0	0.0	0.0
GTCGTAACACATCCAA_LCZY0313	0.0	0.0	0.0	0.0	0.0	0.0	0.0	0.0	0.0047863784377574	0.0	0.0	0.0	0.0	0.0	0.0	0.0	0.0	0.0	0.0	0.0	0.0	0.0	0.0	0.0	0.0	0.0	0.0	0.0	0.0	0.0	0.0	0.0	0.0	0.0	0.0	0.0	0.0	0.0	0.0	0.0	0.0	0.0	0.0	0.0	0.0
GTTAAGCTCTAGAGTC_LCZY0313	0.0	0.0	0.0	0.0	0.0	0.0341372912801484	0.0	0.0146114120166268	0.0127505982973047	0.0	0.0	0.0	0.0	0.0	0.0	0.0	0.0	0.0	0.0	0.0	0.0	0.0	0.0	0.0	0.0	0.0	0.0	0.0	0.0	0.0	0.0	0.0	0.0	0.0	0.0	0.0	0.0	0.0	0.0036317518879345	0.0	0.0	0.0	0.0	0.0	0.0
GTTCATTGTTCCTCCA_LCZY0313	0.0	0.0	0.0	0.0	0.0	0.0	0.0	0.0052903388336062	0.0094158264349327	0.0	0.0	0.0	0.0	0.0	0.0	0.0	0.0	0.0	0.0	0.0	0.0	0.0	0.0	0.0	0.0	0.0	0.0	0.0	0.0	0.0	0.0	0.0	0.0	0.0	0.0	0.0	0.0	0.0	0.0	0.0	0.0	0.0	0.0	0.0	0.0
GTTCTCGTCACTCCTG_LCZY0313	0.0	0.0	0.0	0.0	0.0	0.0	0.0	0.0	0.0028247479304798	0.0	0.0	0.0	0.0	0.0	0.0	0.0	0.0	0.0	0.0	0.0	0.0	0.0	0.0	0.0	0.0	0.0	0.0	0.0	0.0	0.0	0.0	0.0	0.0	0.0	0.0	0.0	0.0	0.0	0.0	0.0	0.0	0.0	0.0	0.0	0.0
TACTCATGTGCTAGCC_LCZY0313	0.0	0.0	0.0	0.0	0.0	0.0456400742115028	0.0215511324639671	0.0149892933618844	0.0048648436580485	0.0	0.0	0.0	0.0	0.0	0.0	0.0	0.0	0.0	0.0	0.0	0.0	0.0	0.0	0.0	0.0	0.0	0.0161607337846691	0.0	0.0	0.0	0.0	0.0	0.0	0.0	0.0	0.0	0.0	0.0	0.0	0.0	0.0	0.0	0.0	0.0	0.0
TATCTCAAGTTATCGC_LCZY0313	0.0	0.0	0.0	0.0	0.0	0.0363636363636364	0.0137268359643102	0.0159969769492379	0.0	0.0	0.0	0.0	0.0	0.0	0.0	0.0	0.0	0.0	0.0	0.0	0.0	0.0	0.0	0.0	0.0	0.0	0.0	0.0	0.0	0.0	0.0	0.0	0.0	0.0	0.0	0.0	0.0	0.0	0.0	0.0	0.0	0.0	0.0	0.0	0.0
TCGCGAGCAATTGCTG_LCZY0313	0.0	0.0	0.0	0.0	0.0	0.0	0.0	0.0	0.029228294558437	0.00956219377272	0.0073346669091349	0.0	0.0	0.0	0.0	0.0	0.0	0.0	0.0	0.0	0.0	0.0	0.0	0.0	0.0	0.0	0.0	0.0	0.0	0.0	0.0	0.0	0.0	0.0	0.0	0.0	0.0	0.0	0.0	0.0	0.0	0.0	0.0	0.0	0.0
TCGTACCGTCTACCTC_LCZY0313	0.0	0.0	0.0	0.0	0.0	0.106864564007421	0.0183939601921757	0.0193979090565562	0.0069834046059084	0.0	0.0	0.0	0.0	0.0	0.0	0.0	0.0	0.0	0.0	0.0	0.0	0.0	0.0	0.0	0.0	0.0	0.0	0.0	0.0	0.0	0.0	0.0	0.0	0.0	0.0	0.0	0.0	0.0	0.0	0.0	0.0	0.0	0.0	0.0	0.0
TCTCATACACATCTTT_LCZY0313	0.0	0.0	0.0	0.0	0.0	0.0445269016697588	0.0	0.0	0.0045509827768841	0.0	0.0	0.0	0.0	0.0	0.0	0.0	0.0	0.0	0.0	0.0	0.0	0.0	0.0	0.0	0.0	0.0	0.0	0.0	0.0	0.0	0.0	0.0	0.0	0.0	0.0	0.0	0.0	0.0	0.0	0.0	0.0	0.0	0.0	0.0	0.0
TCTGAGAGTATCGCAT_LCZY0313	0.0	0.0	0.0	0.0	0.0	0.0	0.0	0.0	0.0043940523363019	0.0640113798008535	0.0490998363338789	0.0	0.0	0.0	0.0	0.0	0.0	0.0	0.0	0.0	0.0	0.0	0.0	0.0	0.0	0.0	0.0	0.0	0.0	0.0	0.0	0.0	0.0	0.0	0.0	0.0	0.0	0.0	0.0	0.0	0.0	0.0	0.0	0.0	0.0
TGCGGGTGTAACGTTC_LCZY0313	0.0	0.0	0.0	0.0	0.0	0.11317254174397	0.0	0.0	0.0102397112479893	0.0	0.0	0.0	0.0	0.0	0.0	0.0	0.0	0.0	0.0	0.0	0.0	0.0	0.0	0.0	0.0	0.0	0.0	0.0	0.0	0.0	0.0	0.0	0.0	0.0040816326530612	0.0024022712382616	0.0015099519560741	0.0	0.0	0.0	0.0	0.0	0.0	0.0	0.0	0.0
TGGCCAGTCCCAACGG_LCZY0313	0.0	0.0	0.0	0.0	0.0	0.0	0.0153740562800275	0.01410757022295	0.0062379850131429	0.0	0.0	0.0	0.0	0.0	0.0	0.0	0.0	0.0	0.0	0.0	0.0	0.0	0.0	0.0	0.0	0.0	0.0	0.0	0.0	0.0	0.0	0.0	0.0	0.0	0.0	0.0	0.0	0.0	0.0	0.0	0.0	0.0	0.0	0.0	0.0
TGGCGCAAGCGAGAAA_LCZY0313	0.0	0.0	0.0	0.0	0.0	0.0730983302411874	0.0	0.0	0.0069049393856173	0.0068752963489805	0.0052736861247499	0.0	0.0	0.0	0.0	0.0	0.0	0.0	0.0	0.0	0.0	0.0	0.0	0.0	0.0	0.0	0.0	0.0	0.0	0.0	0.0	0.0	0.0	0.0	0.0	0.0	0.0	0.0	0.0	0.0	0.0	0.0	0.0	0.0	0.0
TGGGCGTGTAGCGCAA_LCZY0313	0.0	0.0	0.0	0.0	0.0	0.0701298701298701	0.0	0.0	0.0061595197928518	0.0	0.0	0.0	0.0	0.0	0.0	0.0	0.0	0.0	0.0	0.0	0.0	0.0	0.0	0.0	0.0	0.0	0.0	0.0	0.0	0.0	0.0	0.0	0.0	0.0	0.0	0.0	0.0	0.0	0.0	0.0	0.0	0.0	0.0	0.0	0.0
CTGCGGATCAGAAATG_Ca0106-5	0.0	0.0	0.0	0.0	0.0	0.0	0.0	0.048746693538229	0.0139668092118169	0.0	0.0	0.0	0.0	0.0	0.0	0.0	0.0	0.0	0.0	0.0022779043280182	0.0	0.0	0.0	0.0	0.0	0.0	0.0	0.0	0.0	0.0286298568507157	0.0	0.0	0.0	0.0341372912801484	0.0	0.0	0.0	0.0	0.0	0.0	0.0	0.0	0.0013103297663245	0.0	0.0
